1000 24786 29250
35027 171401
189925 140581
177755 170152
80942 73323
23046 175327
65550 101599
18282 22412
72363 31093
114700 75384
116621 193259
187659 177449
83320 36811
190644 195634
78270 10047
182501 148170
154622 119948
167614 24163
175795 152632
45188 131792
185243 44627
76444 144258
119357 105535
147561 152017
21858 110098
131313 175272
96354 101231
31851 142524
168306 75546
134748 98939
18483 158975
78381 172564
197019 22499
12910 196946
130549 136628
19571 65438
194450 18142
125692 75515
138019 83763
169771 110643
22530 92787
46177 102799
60382 34336
90463 20455
28178 94811
153966 34863
67328 27198
60353 131752
82909 36322
36915 56028
4783 192737
169896 103835
84561 192839
145827 109369
167837 193922
109770 13041
103166 70272
196598 43145
127581 160038
172843 194927
3024 2486
64386 148932
68899 101393
39164 34812
22973 192713
164303 117254
146246 43267
163497 157440
46915 62117
163179 86492
14424 167398
34946 116570
146623 18771
116925 110840
141420 99287
28185 135253
28848 10350
178020 23103
160301 129583
15843 97590
68772 73793
67667 118108
167226 7858
161554 42750
61834 145247
157132 132522
122594 197026
163225 62021
75953 43547
52814 46838
162354 126713
66036 149692
36193 190529
29563 85338
76525 33834
14714 8524
123883 81454
106788 139782
61936 28679
164604 60617
122245 168822
11881 92634
106237 74777
21078 164434
90541 72856
125484 165586
10198 20823
126801 188771
198783 81941
153148 69172
105335 72949
66399 44461
5032 156303
117888 179246
173892 145626
8050 24573
107323 98197
118186 16115
128210 179461
51530 153917
152235 1891
145973 152094
56514 164196
102253 98606
32149 146740
109106 123281
92148 55166
40827 36478
153224 146608
52884 171318
13297 21509
7663 139147
106117 18935
25135 90927
130214 114416
72167 166472
121480 86731
79396 109007
66994 93679
6042 124220
142266 76763
160720 171059
94921 849
130243 185705
194877 27241
68654 60735
124428 117259
55098 128187
191186 68258
141902 28283
112680 195207
183145 184811
143453 188281
159204 53672
93841 100579
94203 62865
24185 149974
989 120180
89030 55188
182216 129141
152958 168629
66290 124225
3011 117112
163395 13179
42229 16484
89497 97215
64650 187322
125195 129176
84190 66221
51444 65213
18155 80864
35658 67341
110665 36910
129380 122176
122152 50890
82642 55477
108108 55692
80354 142574
63612 3812
62488 141567
19723 98480
102535 9146
143659 93864
87636 198161
16726 122951
69011 81598
142310 35353
132733 99319
70805 57125
78592 82002
119154 120879
188761 70915
109786 56794
118141 22698
57013 183803
44718 65078
88549 95100
80985 52455
105622 193247
166376 59534
157221 197535
35912 146708
32344 19913
191657 32657
158678 85639
91305 17609
136967 160987
12156 14992
137390 42685
48932 69713
137599 62425
60334 68035
191630 64638
91932 77057
184711 126896
71925 91052
51098 9647
1519 107412
10336 145655
43077 6726
11966 109377
46947 69512
69477 142650
151765 126394
111398 55450
143256 109008
180742 69110
63005 145682
73563 124266
121333 128962
23245 36934
87402 71287
9173 53514
4829 160634
96792 29131
112561 29724
100588 33622
38446 160363
2402 75606
76887 158782
154499 27448
62143 58310
150177 132576
5325 32504
154249 81485
75777 134855
51563 153887
76541 120443
193790 141868
88722 50424
3026 92525
41107 32001
25336 138454
198990 104520
18179 20589
160194 146608
102724 150264
96388 149757
115393 6023
84323 80545
52530 115566
34242 36661
117919 34370
141699 91177
154951 199883
164220 115027
173545 113851
155652 169377
66508 185198
178784 167617
50843 152023
160732 20938
66580 93651
55801 1971
119011 42328
36972 187733
159817 109000
149849 176115
168352 48789
131866 9419
16450 109125
124740 183956
78429 27148
189580 176465
182538 172868
71808 76136
190914 70717
156935 75273
42181 74476
8474 142124
94166 19241
85693 176193
63727 28938
1625 129336
176579 119034
672 165194
112007 1499
10357 125061
155717 172676
53228 169986
58635 144616
192576 76974
40274 166564
129630 81367
172387 175663
70029 178010
31894 14581
133865 20575
21714 158641
196261 191394
123874 106172
14392 53441
71400 3187
22060 41599
3787 197110
54393 102097
5406 44173
102892 47017
117058 31233
195045 55047
57926 115144
42884 20117
198512 131428
11333 126369
84702 178920
19865 110882
28948 48146
9957 164832
156598 28603
186009 119305
23740 3736
168845 63702
107498 22294
88609 52707
110527 120865
87816 72036
118540 64798
105508 153693
3002 73322
169916 58228
70718 99590
139723 74486
27837 47471
102963 26595
47891 24330
67794 123459
111782 152646
160829 37781
22227 193209
86386 159616
185960 68769
93997 133773
4104 119400
151676 160822
114390 169456
28913 118287
188523 40904
156056 141555
103781 8923
45673 93332
80029 63070
136692 145964
1610 110934
153575 102705
28209 41062
60446 92013
139531 48115
34066 83229
55772 15564
179730 92490
29137 49874
170612 174484
111249 65009
3780 128671
67110 27241
35031 87841
128348 87589
179924 2408
56790 152890
49807 85559
123998 76359
29335 142435
3194 184633
95933 170732
17099 100693
131836 90655
88512 170661
185800 138879
100027 57383
4260 144219
185122 24819
170667 191937
144908 104658
166916 79139
113143 110197
2249 65460
176713 142414
142679 131259
99565 19307
117950 69788
195181 151918
183244 60323
145983 189145
169266 95977
177624 58285
167071 172960
61972 39404
162904 87269
144623 29006
163554 30335
171127 172124
134135 126880
120674 171794
7940 16271
146805 21067
121915 142896
71784 45046
81540 191611
84594 189088
65313 81046
152072 44201
141753 110598
168549 161786
90769 46142
41395 177258
96441 125070
138220 135724
109713 162963
6036 192761
67176 152237
13504 149491
96082 157373
164478 73509
135910 131820
184351 155882
63264 108438
90304 159284
19573 48352
22363 123499
9997 72338
134245 11885
167159 44393
21302 106029
154757 128848
97417 185724
23801 471
123562 67492
28170 51172
137771 117302
56394 7510
139606 101745
42970 49910
41786 196806
185278 7526
17425 134515
11040 91939
43450 135145
116522 128388
169040 46242
127073 144990
22537 189678
119336 88410
111074 4021
188369 148704
164238 61935
43145 96562
126435 40917
70318 162942
12147 130598
18855 124080
104133 170935
127077 194139
96669 133033
138836 73253
164266 177936
37005 50476
170846 58651
60174 19179
125208 66758
62348 26656
135659 67373
125689 150255
120024 14852
142738 69060
186816 96497
47290 83198
119150 112692
92021 122073
165084 69225
46159 78365
166367 31248
17948 6351
142159 68152
194333 131164
185096 4808
134263 29814
124148 86988
152178 165333
62054 167418
184713 182156
4653 23794
146324 3861
165293 131237
148522 13634
149525 29020
82555 43352
103661 145074
146849 148932
45288 171613
138216 7584
184708 21396
119764 36881
93287 36495
28652 6075
78077 70088
93284 186806
81581 116676
192212 173417
41409 127243
105984 192290
116610 113290
188352 15164
115784 17265
114720 93136
46676 106837
53369 36057
147741 36565
49006 76300
59261 12906
8295 76369
144908 97140
33561 166594
184220 185671
163480 32150
122265 18296
48563 7912
84871 82422
114405 85143
46071 104821
147143 85792
169027 152440
173238 18174
132499 199868
199653 192071
101985 163472
30693 41779
8000 50847
184227 182427
53518 29095
92683 7849
88424 76590
93182 127585
60893 50264
186345 136091
183939 74089
174781 8967
139944 134301
179927 29069
186778 53064
79887 159572
26243 4625
111091 1614
148829 36675
133047 100862
78388 64500
68163 382
106132 116624
197536 76437
125440 28073
118847 39344
57272 100954
53882 33286
90555 82002
30954 126986
152744 142815
61417 51383
72818 190930
179654 111003
2280 188481
122381 72420
19335 10111
85805 116265
57199 132896
18100 28454
169597 118456
79880 101840
74800 21040
36788 121250
104152 135277
36013 112853
121823 83380
62487 53102
79624 134023
170720 52961
24025 43701
144683 59911
182094 16281
150800 53231
18886 187599
18136 47300
80893 159317
4967 163190
18484 129900
92446 180556
14821 100456
183729 139851
139578 69309
80879 129167
92842 71565
162064 160463
7910 168555
88014 16752
41260 46930
29397 134800
193779 148316
25703 177142
179440 17805
161444 142749
185899 33214
76909 67419
56074 56911
118415 172984
160593 38142
176929 138677
28048 186177
164147 188510
53335 33232
131551 115288
113921 110993
50664 194853
89681 75716
41663 183466
104064 134255
162718 36684
182615 146983
153852 39895
159483 13500
166833 98650
53358 83101
106528 1209
181351 174395
159384 136203
182638 137095
191092 25110
83291 143862
158243 112198
149489 61249
97688 143898
148439 116136
32522 165046
164585 47727
65074 61193
103313 15015
14947 84210
55150 115787
4133 112643
190521 65609
191394 118812
8477 183869
14563 41381
172343 138838
12113 195141
31081 114839
164270 89026
47217 181996
119176 68841
130519 72677
51006 153006
111155 98623
34687 187560
76916 178874
115774 10981
46127 91009
104261 89847
51215 106839
127530 63149
167445 128569
140341 16061
137194 102585
108730 93218
12164 55406
59845 57099
64275 169972
21224 198821
100557 100316
60700 16701
58155 8805
182060 92164
152665 2534
131793 13124
106299 144048
28703 21674
91984 16500
140847 95972
195311 134449
103220 15445
18290 108908
194791 3945
127238 198855
174950 197248
181658 111351
17115 39306
171805 48489
71191 175896
39694 41815
136775 84844
61646 163487
35445 158744
130010 58315
133157 39103
87543 1959
82739 90100
139985 157957
31640 195669
100703 79866
71565 165334
5823 184703
194295 142298
79118 109993
61964 121464
122965 159118
100234 5655
165026 38294
179280 154997
199860 193385
60159 117458
130508 65896
53131 167817
137148 104868
159632 27795
78259 195039
151114 91887
164273 91501
175597 41410
34552 87239
176777 93554
115560 82293
60690 102727
141442 71948
151400 108239
177795 26213
39869 105397
5220 193996
49102 6294
91324 32762
13883 152156
8169 38097
104813 140795
36716 127482
14129 140766
40647 118701
164643 78079
89020 35718
103418 101818
160516 73466
98177 161770
171633 57879
167179 164196
136966 148644
142224 11109
91832 149510
89640 73958
85758 114649
95562 104346
89986 169430
59511 42442
52910 97
134195 47993
184476 109244
199704 149352
53868 82595
66663 182698
44378 167484
165623 176625
125195 24567
98942 26546
171904 181678
6543 198854
195791 92381
28448 106549
26669 181623
34627 106043
34697 47086
36690 179112
173791 77140
96104 84480
182504 145011
100103 90262
187858 143596
89129 131516
23394 136529
88581 176413
94810 18476
22878 130015
4857 1255
71251 156454
183741 172282
162391 58268
62100 7964
199026 115938
70680 67039
53700 161157
154193 137511
183446 34152
146355 65696
73780 158331
68975 157032
41357 154858
189998 5698
199838 15196
103752 83704
24959 151472
181199 11
142494 52487
78822 26359
106740 87475
191854 78884
37360 20211
190855 43212
38843 22831
90238 135623
139570 11736
63158 104003
56384 167197
39225 89669
15780 143813
199865 94826
144270 130696
20692 30244
178172 178303
101069 53924
37023 73053
68148 153871
154994 111409
145940 76741
171164 1854
139596 159021
42164 6168
851 178496
59680 120729
12684 11193
30483 194006
159555 52579
8101 178222
34156 41693
52959 21130
72425 113037
141722 18145
5651 193396
146813 165535
171813 59437
163502 182185
137871 76779
174655 407
150537 52384
112177 65556
55146 149497
199403 129716
100537 37978
40098 176466
82447 182790
57445 71758
168739 9490
180353 100189
96846 28002
124586 116452
37137 44541
22682 18524
75489 146482
119318 32147
184151 6056
167725 85408
122087 16172
37937 147750
134266 45290
79140 9488
3972 178134
166033 185927
153005 95192
103107 44411
81735 136319
160899 73179
94253 192393
174765 37622
163496 173856
49376 2565
156969 116111
81105 38459
65822 199127
35674 74854
158318 82229
199850 16312
113323 184935
63700 93893
180251 80856
83855 89638
58978 14016
128411 141958
96567 95629
110562 116603
157190 194207
180748 10891
137487 93053
66034 148148
171636 156526
120658 14785
98771 120149
183102 94244
149911 99461
22752 160003
52412 98700
3161 4126
47022 192741
189114 98325
65928 154372
81138 11285
129752 3875
73816 138981
87304 168988
3172 44000
143923 60737
173643 45375
2594 94243
36529 52192
76595 113482
29582 192263
123221 15143
181285 151376
195237 109068
133588 109180
10015 1433
43320 134500
95879 141672
185175 85883
191007 35318
198133 52448
142310 92278
192350 165608
180022 153737
165028 13991
128321 120717
161430 101908
53090 193495
161193 5955
45045 23445
170262 104857
89719 177502
55204 184412
85420 120334
69398 52411
36052 30437
189488 137651
67798 183760
105730 92689
196945 162085
191274 71718
110746 173276
13138 12972
13990 106657
141567 119318
41056 189134
164669 1197
36524 56345
121667 22843
67004 107959
30787 75714
42647 177426
6777 92312
98890 13835
38214 109109
117287 47164
26220 189015
148880 188109
173910 21862
144336 199813
59807 135627
92198 71161
128707 171614
19890 19999
89869 3587
121676 59457
25135 13846
143634 71749
78516 178506
77723 51140
23977 159724
195392 1468
189613 154409
85714 103449
154068 6922
53869 3130
125044 57570
182854 15260
159892 169169
164638 83966
194766 150732
66532 97997
11485 180336
114375 18946
190203 18491
146207 48239
