1000 -20976 16922
83337 54248
-68272 -82345
-47375 -12898
-90311 -61040
8717 29913
-96034 42166
-22606 88697
-94713 11919
-73951 68228
38857 -34428
-68533 -94811
20843 -80884
35104 42178
-60240 14310
64222 -17500
92736 21210
2071 78302
-60322 -3876
1484 -26355
-22450 97123
53577 -50823
82557 -62468
-53059 -3343
19746 92355
82549 -10844
-22469 63526
-54235 6777
-51055 -43208
-20813 -72091
-48086 -73509
48749 2458
57574 -96009
50320 86254
-21274 41367
65221 -65320
-40298 74011
40445 28862
-95492 34143
43007 39151
81793 31795
-82292 18322
-46762 -39358
63762 -39106
86218 -16869
38122 65127
-67899 -97325
-8092 90751
78250 40253
-48680 18101
14920 -1415
65482 -16632
97356 -80911
-38931 -10205
29016 -84794
67186 -23861
43566 -99817
3900 61388
21266 18270
63883 -21306
39689 -64651
59075 61634
-70830 -51699
-47134 52429
80159 32055
-46800 64357
32681 -40994
-96863 49618
67304 97602
72762 99060
-87396 25235
30021 31637
-14198 75093
-52123 19158
91307 -22507
91363 35841
16118 53260
-79499 -77629
-18421 -29936
43593 10608
37706 82149
-39564 -32194
19361 39780
-54036 -11903
22735 76719
-57640 84270
-93820 -37548
-48789 14238
71149 40366
-52803 -85664
-62979 63994
-29048 5507
87827 90416
1094 -11320
39461 93300
54062 -48020
-47380 17617
-84710 -24742
-177 -86146
-33647 -63767
84055 -38343
-59845 97815
2119 21153
-90205 87612
-52502 34734
-3314 68280
55609 -57044
-30397 41383
-91484 -24767
98735 -72435
-63301 29371
-72565 -77682
82274 -36495
29256 39315
-78999 -10144
-71000 -77770
79713 -18186
-16152 -68872
31327 -15893
-55645 -8986
1290 -49539
-55129 -72229
-22610 -76075
9173 10684
79081 -77875
-567 -29051
12988 93042
85259 71986
18013 66448
64509 70121
-13517 41979
28596 -76929
-62985 26904
-67507 78931
-89686 -35074
3208 -90206
60848 81969
430 -58241
25359 15708
-70882 -22837
-36556 -7359
96268 4928
-14082 69870
2670 -48548
13467 68316
65345 37123
41072 89866
-22467 -27475
-77056 33092
30438 53511
-61742 -99547
-55394 -4094
-50310 -75521
88641 88124
-75229 31255
-818 -65890
-45638 -93408
58348 -90966
73029 -66418
33581 56780
-37126 -70163
-60371 -79171
5360 -71511
-56414 -80842
-65012 19123
1278 -51040
-55914 93147
-13079 -61588
89851 22633
57820 50441
62695 -57468
82100 -12633
-10747 -96810
-50260 -54513
-36103 13460
85878 25157
29394 -95769
90240 -85437
-39702 -91970
-62380 34341
41953 -27545
-8205 55440
83534 3462
8851 -16006
-44793 69139
-64229 44727
-2395 85409
46291 -11666
-83983 52173
-1577 -1542
42190 11726
-53381 80388
-76554 60843
96519 76226
81760 -36230
51280 70254
74786 -14606
-34099 -76554
86225 92231
99611 7459
-25213 53393
36229 96206
18927 14548
28550 16974
-91147 14948
15231 63324
57750 70922
57221 -71591
31006 58784
45709 30055
25129 95970
-55312 -32101
67395 41225
-51410 78052
-47264 -86950
-40871 32247
86104 60119
-84691 -33935
-43368 8278
-53253 -85171
-65918 55715
62805 -14070
48656 91291
-61330 -97209
-8050 -29450
-85594 -81623
-40150 99750
-15865 15100
-52529 50348
-80121 -16816
-98334 54656
-51763 941
-61532 -82001
-22054 -71791
40786 23483
62520 68012
65966 -97396
-25474 51837
-86702 98166
66699 -39747
-71648 -44336
-3 3364
54007 -55023
29780 54521
77300 -63594
-41246 55859
-33290 -66679
-11127 -4229
-53694 98303
-65655 -3977
11139 -99518
-6027 40233
52532 58802
-76531 25592
32442 59345
-3002 -73835
-77178 -15694
2113 -81195
8901 6141
73345 -58334
44599 -27580
37115 -69537
43727 35219
-85727 -90875
-7513 63530
-93577 -871
76678 17909
-21631 55795
-68616 -36300
41346 39977
-58689 -47518
-59601 -9941
-53181 10946
-45927 -28156
43608 -57753
-74191 52887
-96678 -33076
63724 -27007
-12184 8823
69166 -35944
-18362 66033
-15742 -89858
-74787 -2393
-15175 -67393
95530 4007
87454 -64727
51640 82460
-11924 51136
38968 -2019
4320 94753
-70445 26689
-44899 43401
64484 -99907
-21852 45321
-39624 7282
-40027 84788
43468 -3345
32528 21428
-17069 59495
77008 65185
9203 -25100
-32384 48508
23763 48787
-13260 -86225
-66607 -10642
47883 46686
75088 -72860
73800 55284
36988 9880
94699 -80543
26183 80799
-45005 -82769
-13912 83358
-53033 -28135
-76017 26466
25835 57673
-26323 -8858
-96873 52730
-11329 -37035
63836 -66964
-61982 34215
7807 65431
60051 -64571
-23168 -24509
18436 -71849
96394 -58207
464 19024
34614 99474
-677 39866
-39204 23594
30041 -20740
-27840 6836
-56911 48226
49700 46250
20086 -84119
2734 -89828
62903 -39484
-33393 -30823
20344 47424
29154 -56146
-64043 66808
78884 -52624
-54042 43429
-8511 -17688
8044 64286
1179 -11213
-120 -38652
-60527 35079
-9741 33505
-33582 91910
56534 95188
67926 38137
-1438 -1328
-52292 -91738
82499 92925
3464 -88903
-62981 53933
44410 24156
-80010 -50305
80746 -263
75485 87747
95669 6393
8933 -66180
-3404 73447
22514 -12678
-65335 6335
73412 -47309
80225 97095
-55725 55184
-53106 -33061
48252 -84468
67884 46841
-69742 19912
45743 -72752
-28453 -99911
-79819 89453
56558 73031
28644 -31093
18879 -19739
70379 94637
-52496 14139
-72916 -806
-94940 21718
-58045 99921
86415 36278
13752 15130
-70887 2535
23664 -2386
-23707 -66423
-19868 -56812
-11660 65854
40444 -36610
-98821 -36791
47762 -881
-62799 -38361
8395 -3992
89020 43684
26516 -37547
-83172 -15477
12146 -12284
-73227 21525
-16877 10187
-69070 -35198
-7128 -5147
-71452 -11673
33246 4191
-6122 -80408
85248 28195
7584 80265
20399 -23123
26756 21186
91633 -67419
52824 42070
94949 9641
-72848 -10354
-68261 -24688
60863 87486
56531 -51356
88466 66648
-43908 12917
-75929 38270
-26872 52411
94540 -22364
61555 -44238
25655 -26256
40100 -84158
-34641 -60719
-2806 -99946
42459 72933
92460 65101
-20378 19313
98765 -53221
6260 -18659
33649 67977
-50028 5734
-59883 -22903
-75642 84357
94125 54196
76644 -7553
39772 -96282
-89765 -80632
83020 -9751
-44666 -61669
10988 -32193
25075 8565
46161 -96749
-34951 -93186
-6442 -99065
80907 44517
-6269 98368
-88254 -57060
55647 21613
-93833 10506
10851 64346
53513 -5014
-96048 -14055
24448 67681
-85626 11661
83097 -62344
90430 -38088
-52753 91047
69147 37838
93538 3879
-46064 46852
-68556 -13669
27058 -35545
2713 -17755
-15013 -2362
-97655 -30258
-97881 -59625
-37446 -12897
-48019 -6917
93026 42676
44875 -44267
-71272 58372
-22868 -1864
794 -56619
29437 61202
16562 98072
404 -50632
-88479 -92389
16391 -62910
-81005 -99380
-80270 31289
92644 20324
4889 -93240
-87681 83917
-54220 -36961
5623 -9570
-62812 -61043
25528 -21726
-40400 64953
-61391 30620
68923 33530
-973 -19835
-88650 -75416
-89876 -25661
68409 35103
-91526 -72097
-51534 -68350
-55456 11889
-41777 -30791
-20418 -93797
11498 1493
70137 77734
62368 45435
-30394 -63286
85928 56554
40461 -28990
-27685 -77886
-58661 61524
-51767 85385
29892 -58722
-4842 77057
-94631 -23315
94472 48764
4067 -78430
-2787 -21087
56406 22763
-10291 -47589
-83970 40732
6311 3630
-20564 -10510
26500 55845
-71163 97109
-13918 90605
51484 41494
30784 36940
-84557 -74395
45490 -16998
-85195 -77807
3407 -18341
-63389 40138
-3058 -53196
-52781 42827
35602 -81459
47647 -16453
26195 -86878
-94568 -86271
-13324 67467
34741 66936
87401 38282
-32904 24778
-37795 22213
-68316 30547
86521 -73763
47381 -67831
81007 -63663
17752 8135
-33578 7815
-84129 -41578
69183 31935
47544 26913
56929 21366
89522 -37238
69489 795
-86465 -74912
-96892 -10702
-72481 88822
-95646 -82532
-7858 19013
35064 -64935
3745 46757
80782 -66202
74080 -97996
-7459 35137
82720 -63244
75466 74450
29797 6819
-32406 -49543
74715 71015
88349 -97049
10740 13881
78628 -68058
-4114 -98802
-97051 77777
37275 37222
-60919 -55443
9158 8387
-58291 68036
74012 -29782
34004 -95525
71694 -37393
54670 -51746
-56669 23129
67889 -26124
-35329 -91109
29726 41805
77870 -65512
96937 -92100
-68814 -13017
62757 32533
-37197 -11656
-90877 98299
-1931 -58346
75928 14056
-31387 19423
-34710 8306
-92638 -69297
22415 -3663
-74767 38222
64584 -56742
33266 -12353
-34144 38995
38248 -41942
-52503 -48490
-89664 46146
-27200 30951
-1985 -43877
99783 -99836
48682 83196
-93558 -14124
-17584 50563
70580 20141
-37997 -11899
59913 -26983
-95920 -74378
67955 65145
-15821 14280
17426 52921
-97175 86860
45199 79017
-99751 -79064
-18466 37580
-65897 78519
-58865 16052
67532 -38405
54801 -55468
-45758 -54985
-12279 -91219
-47318 -73423
14170 64449
53253 -31371
48235 -72253
60440 96415
-33718 11762
-64002 -34586
-675 -72162
79904 13248
-77942 -22189
2471 71338
20180 -74331
-75951 27234
-21187 56094
-71974 720
-97847 2567
-11687 25002
48176 -40863
94265 8959
-57943 -22307
4019 -2820
-81890 96480
71437 41616
32469 45811
-87578 -47974
87303 33377
3063 1860
12295 24262
35128 -67793
60224 -327
-6372 -81679
-9130 -96348
66733 -58269
41102 -31571
50071 45371
8898 46797
65388 40089
15143 73830
-22095 -22113
49505 30461
67126 -89372
55232 -12122
82681 -87520
62675 -25602
-290 60176
-57575 -74582
-22339 37288
-83643 52245
21778 56977
38498 -2960
48396 82300
37532 -71187
63090 63935
-1146 79366
-24932 -87715
-43481 -81746
-8375 -25777
-35971 22268
-36698 94331
17778 -92295
83336 -93723
-81861 62537
-15694 22059
-29464 -59118
-79658 65206
-47516 -36450
-24947 28490
2466 6186
93313 27659
22640 50449
-674 -30345
29753 23851
-66132 -42835
37296 -39621
20401 10928
-93227 76641
-47269 -93017
-32878 -22701
-13862 -1831
68712 -21330
-90548 17508
-88055 70914
-22740 45630
-29608 -73174
89457 65244
-85463 9254
19631 22752
-65437 29374
14229 70378
-40745 -35581
11276 71792
72981 -43750
60366 -79999
43853 81038
64938 -61622
-6478 5555
-86658 13988
62731 -73025
16967 -53017
56624 -69155
31710 -9409
89897 -4216
-96693 -96617
-5649 -76340
-52429 38743
99931 80486
53358 56085
-44671 -4090
79034 -45851
15237 -11828
-97476 98811
88872 56578
-19480 -53855
17851 -85039
74173 46019
31555 27331
6612 52401
-85903 50864
-68136 63525
-90484 -8485
15312 68473
-9637 34072
52541 -13753
-80218 21103
-13582 -50761
48294 -75803
-78439 -94905
3891 -23870
80837 89254
-42334 14003
246 55053
-22907 21103
-83372 -60931
-84776 49167
-33172 86475
-73599 52976
87506 64502
47782 75573
-18502 51620
-59198 85171
-344 5957
47854 -16296
76388 88472
86872 82207
-47437 -55246
-19918 69640
21241 33870
-6891 -10540
39716 33548
46774 -17791
65556 47970
56235 -47428
94904 97866
-49177 75795
7996 -17906
-67216 -28933
-40079 65756
-55743 38385
93836 71958
29217 80680
-551 -67378
-99248 -85675
91225 -11636
-46115 8947
38904 -81747
354 91355
-52940 -72672
-55919 98571
-48973 -76914
64705 71463
73231 71724
-68495 -56884
-33014 40726
31041 95041
-35950 6455
-40616 29538
37803 -66233
-96732 -62071
95595 -80833
-85446 -67886
21854 -70074
-31633 50842
-92180 68570
-12223 52252
-75763 -54452
-83559 60729
-79865 52378
-74432 -51223
63793 -6515
-47349 -96413
81302 56894
-13171 -46842
93561 82401
39355 -91739
-95602 -79715
-32449 14266
50432 -35472
56710 769
-12388 91569
-93114 -32847
59808 38889
-79982 48679
-28304 17358
-62151 70395
-28970 -32942
-57884 15061
34826 -61634
-4043 -93449
49354 8434
-20928 41562
75650 -72273
-50945 -9771
-99715 -67878
-52524 30115
-14677 53168
-38361 78326
51998 12383
-48393 -57158
59290 -4959
-43058 26963
71688 64762
-91242 89637
49622 -97748
90062 89631
-58421 -70153
10993 -76976
8662 -81857
-4567 1099
70399 61749
11637 -90252
-75222 58322
21881 41608
-33888 -71683
-25252 98693
991 -27496
-81399 -74121
45648 -19909
-24118 54624
77288 -27639
85278 11469
-92531 -4924
92424 77289
-52645 -42549
-50309 -28986
42685 56322
71755 75422
-29449 -78774
86017 -77132
10578 69373
-84450 -84828
29896 -30835
-62810 64697
-45758 -23409
68472 -87519
-63165 31056
54516 -95454
-17833 75400
-50421 -11036
33576 99472
17911 33892
-8462 97498
14664 60800
-6206 76446
49956 37264
-40979 -43977
-12114 80177
72441 -39590
-12874 -17100
-25182 -82250
-49109 -1181
-94493 -44602
-78581 -10984
-54208 7322
27783 -26878
10434 -65430
75706 10208
-56590 -99435
54171 -19550
-11949 -59937
-73944 38511
22321 13895
68584 66086
76728 51229
34323 -36361
-14675 -53120
-85437 90414
-40396 3263
-95704 -13037
20510 84948
91673 95815
-24397 -11732
24656 -66259
-13618 19325
43750 62853
-64919 -79209
-87930 58128
-29299 91169
-77368 75254
-9162 99848
17643 -14494
-1131 16994
-84316 -36785
65300 49488
10078 86657
17608 2375
75381 -55417
-15349 -30101
-1239 28331
-70268 979
39238 33424
-79319 81117
-89909 94701
-94223 25954
78361 35526
-8844 -8639
80333 -75714
48293 70700
-37091 344
-80532 71999
-21738 -43182
-65439 46070
-17260 48952
-95640 71227
20878 -65355
13508 -8992
-88467 -52496
-99500 48440
95499 53142
82645 63670
-47348 45744
-39310 -38639
51476 4712
-79255 70071
-44952 50115
-59508 87942
74846 10861
2097 -62745
37471 -49042
-83954 -84913
-90823 -13075
68098 -11949
9280 73373
-84135 -23809
-64094 33942
-18055 -75563
26119 71256
17391 -30423
-22565 -97770
-57759 76536
-31238 -65968
-90906 -60179
-63712 -78831
-18717 -75714
83388 -74364
68875 -45991
33575 -60245
-76203 -51206
71580 25263
-40402 -45027
60095 72434
31926 -79553
68317 89420
92477 -76494
-96703 94748
12247 -19238
-3740 4801
59152 -68377
63438 -16662
-89423 -74957
34583 -48455
83192 -81138
